max_gain = 0.000000e+00
max_gain = 0.000000e+00
max_gain = 1.000000e+00
