max_gain = 1.000000e+00
bw = 1.592554e+08
