t_rise = 2.195534e-09
t_rise = 2.195534e-09
t_rise = 2.195534e-09
t_rise = 2.195534e-09
