const.c_val = 2.000000e-12
ac1.peaking = 2.016126e+00
const.c_val = 4.000000e-12
ac2.peaking = 1.667678e+00
const.c_val = 8.000000e-12
ac3.peaking = 1.335866e+00
