const.c_val = 2.000000e-12
ac1.peaking = 0.000000e+00
const.c_val = 2.000000e-11
ac2.peaking = 0.000000e+00
const.c_val = 2.000000e-10
ac3.peaking = 0.000000e+00
const.c_val = 2.000000e-09
ac4.peaking = 0.000000e+00
const.c_val = 2.000000e-08
ac5.peaking = 0.000000e+00
const.c_val = 2.000000e-07
ac6.peaking = 0.000000e+00
const.c_val = 2.000000e-06
ac7.peaking = 0.000000e+00
const.c_val = 2.000000e-05
ac8.peaking = 0.000000e+00
const.c_val = 2.000000e-04
ac9.peaking = 0.000000e+00
const.c_val = 2.000000e-03
ac10.peaking = 0.000000e+00
const.c_val = 2.000000e-02
ac11.peaking = 0.000000e+00
const.c_val = 2.000000e-01
ac12.peaking = 0.000000e+00
const.c_val = 2.000000e+00
ac13.peaking = 0.000000e+00
const.c_val = 2.000000e+01
ac14.peaking = 0.000000e+00
const.c_val = 2.000000e+02
ac15.peaking = 0.000000e+00
const.c_val = 2.000000e+03
ac16.peaking = 0.000000e+00
const.c_val = 2.000000e+04
ac17.peaking = 0.000000e+00
const.c_val = 2.000000e+05
ac18.peaking = 0.000000e+00
const.c_val = 2.000000e+06
ac19.peaking = 0.000000e+00
const.c_val = 2.000000e-12
ac1.peaking = 9.977478e-01
const.c_val = 2.000000e-11
ac2.peaking = 9.977478e-01
const.c_val = 2.000000e-10
ac3.peaking = 9.977478e-01
const.c_val = 2.000000e-09
ac4.peaking = 9.977478e-01
const.c_val = 2.000000e-08
ac5.peaking = 9.977478e-01
const.c_val = 2.000000e-07
ac6.peaking = 9.977478e-01
const.c_val = 2.000000e-06
ac7.peaking = 9.977478e-01
const.c_val = 2.000000e-05
ac8.peaking = 9.977478e-01
const.c_val = 2.000000e-04
ac9.peaking = 9.977478e-01
const.c_val = 2.000000e-03
ac10.peaking = 9.977478e-01
const.c_val = 2.000000e-02
ac11.peaking = 9.977478e-01
const.c_val = 2.000000e-01
ac12.peaking = 9.977478e-01
const.c_val = 2.000000e+00
ac13.peaking = 9.977478e-01
const.c_val = 2.000000e+01
ac14.peaking = 9.977478e-01
const.c_val = 2.000000e+02
ac15.peaking = 9.977478e-01
const.c_val = 2.000000e+03
ac16.peaking = 9.977478e-01
const.c_val = 2.000000e+04
ac17.peaking = 9.977478e-01
const.c_val = 2.000000e+05
ac18.peaking = 9.977478e-01
const.c_val = 2.000000e+06
ac19.peaking = 9.977478e-01
