const.c_val = 2.000000e-12
tran1.overshoot = 4.345539e+01
const.c_val = 2.000000e-11
tran2.overshoot = 4.345539e+01
const.c_val = 2.000000e-10
tran3.overshoot = 4.345539e+01
const.c_val = 2.000000e-09
tran4.overshoot = 4.345539e+01
const.c_val = 2.000000e-08
tran5.overshoot = 4.345539e+01
const.c_val = 2.000000e-07
tran6.overshoot = 4.345539e+01
const.c_val = 2.000000e-06
tran7.overshoot = 4.345539e+01
const.c_val = 2.000000e-05
tran8.overshoot = 4.345539e+01
const.c_val = 2.000000e-04
tran9.overshoot = 4.345539e+01
const.c_val = 2.000000e-03
tran10.overshoot = 4.345539e+01
const.c_val = 2.000000e-02
tran11.overshoot = 4.345539e+01
const.c_val = 2.000000e-01
tran12.overshoot = 4.345539e+01
const.c_val = 2.000000e+00
tran13.overshoot = 4.345539e+01
const.c_val = 2.000000e+01
tran14.overshoot = 4.345539e+01
const.c_val = 2.000000e+02
tran15.overshoot = 4.345539e+01
const.c_val = 2.000000e+03
tran16.overshoot = 4.345539e+01
const.c_val = 2.000000e+04
tran17.overshoot = 4.345539e+01
const.c_val = 2.000000e+05
tran18.overshoot = 4.345539e+01
const.c_val = 2.000000e+06
tran19.overshoot = 4.345539e+01
const.c_val = 2.000000e-12
tran1.overshoot = 4.345539e+01
const.c_val = 2.000000e-11
tran2.overshoot = 7.297924e+00
const.c_val = 2.000000e-10
tran3.overshoot = -3.69062e+01
const.c_val = 2.000000e-09
tran4.overshoot = -4.79156e+01
const.c_val = 2.000000e-08
tran5.overshoot = -4.86546e+01
const.c_val = 2.000000e-07
tran6.overshoot = -4.87500e+01
const.c_val = 2.000000e-06
tran7.overshoot = -4.90385e+01
const.c_val = 2.000000e-05
tran8.overshoot = -5.00000e+01
const.c_val = 2.000000e-04
tran9.overshoot = 0.000000e+00
const.c_val = 2.000000e-12
tran1.overshoot = 4.345539e+01
const.c_val = 4.000000e-12
tran2.overshoot = 3.477152e+01
const.c_val = 8.000000e-12
tran3.overshoot = 2.319237e+01
const.c_val = 2.000000e-12
tran1.overshoot = 4.345539e+01
const.c_val = 4.000000e-12
tran2.overshoot = 3.477152e+01
const.c_val = 8.000000e-12
tran3.overshoot = 2.319237e+01
