const.c_val = 2.000000e-12
tran1.overshoot = 0.000000e+00
const.c_val = 4.000000e-12
tran2.overshoot = 1.023222e+00
const.c_val = 8.000000e-12
tran3.overshoot = 4.398554e+00
