const.c_val = 2.000000e-12
tran1.overshoot = 4.345539e+01
const.c_val = 4.000000e-12
tran2.overshoot = 3.477152e+01
const.c_val = 8.000000e-12
tran3.overshoot = 2.319237e+01
