peak1 = 5.720660e+01
f3db1 = 5.233019e+05
gbw1 = 2.993632e+07
ugf1 = 3.013408e+07
peak2 = 1.903899e+03
f3db2 = 1.698519e+04
gbw2 = 3.233809e+07
ugf2 = 3.237154e+07
